Numbers_of_bus_branch_knownBus
   30   41   30  19

Branch_parameters(i_j_R_X)
   30   27      0.32020      0.60270
   30   29      0.23990      0.45330
    2    4      0.05700      0.17370
    2    5      0.04720      0.19830
    2    6      0.05810      0.17630
    2    1      0.01920      0.05750
    3    4      0.01320      0.03790
    3    1      0.04520      0.18520
    4    6      0.01190      0.04140
    4   12      0.00000      0.25600
    5    7      0.04600      0.11600
    6    7      0.02670      0.08200
    6    8      0.01200      0.04200
    6    9      0.00000      0.20800
    6   10      0.00000      0.55600
    6   28      0.01690      0.05990
    8   28      0.06360      0.20000
    9   10      0.00000      0.11000
    9   11      0.00000      0.20800
   10   17      0.03240      0.08450
   10   20      0.09360      0.20900
   10   21      0.03480      0.07490
   10   22      0.07270      0.14990
   12   13      0.00000      0.14000
   12   14      0.12310      0.25590
   12   15      0.06620      0.13040
   12   16      0.09450      0.19870
   14   15      0.22100      0.19970
   15   18      0.10700      0.21850
   15   23      0.10000      0.20200
   16   17      0.08240      0.19320
   18   19      0.06390      0.12920
   19   20      0.03400      0.06800
   21   22      0.01160      0.02360
   22   24      0.11500      0.17900
   23   24      0.13200      0.27000
   24   25      0.18850      0.32920
   25   26      0.25440      0.38000
   25   27      0.10930      0.20870
   27   28      0.00000      0.39600
   27   29      0.21980      0.41530

Bus_parameters(i_P_Q)    
    1    1.388308    0.046383    
    2    0.358600    0.026402
    3   -0.024000   -0.012000
    4   -0.076000   -0.016000
    5   -0.696400    0.087193
    6    0.000000    0.000000
    7   -0.228005   -0.109000
    8    0.050005    0.138779
    9    0.000005    0.000000    
   10   -0.058005   -0.020000
   11    0.179305    0.307754
   12   -0.112004   -0.075000
   13    0.169104    0.379196
   14   -0.062004   -0.016000
   15   -0.082004   -0.025000
   16   -0.035003   -0.018000
   17   -0.090003   -0.058000
   18   -0.032003   -0.009000
   19   -0.095003   -0.034000
   20   -0.022003   -0.007000
   21   -0.175002   -0.112000
   22    0.000002    0.000000
   23   -0.032002   -0.016000
   24   -0.087002   -0.067000
   25    0.000002    0.000000
   26   -0.035001   -0.023000
   27    0.000001    0.000000
   28    0.000001    0.000000
   29   -0.024001   -0.009000
   30   -0.106001   -0.019000

Known_Bus_parameters(i_j_P_Q)(2_4_are_used_0.294230)      
       2       4    0.294240   -0.019504
       2       6    0.376816   -0.022037
       3       4    0.445800   -0.018338
       4       6    0.370816   -0.014550
       4      12    0.286087   -0.060574
       5       7   -0.129232    0.062815
       6       7    0.361623    0.059170
       6       9    0.143481   -0.070040
       6      10    0.115440    0.016608
       8      28    0.040730    0.031539
       9      10    0.322781    0.210446
      10      20    0.087977    0.019760
      10      21    0.162307    0.103301
      10      22    0.079096    0.048007
      12      13   -0.169100   -0.358818
      12      14    0.082018    0.032873
      12      15    0.185766    0.104087
      12      16    0.075403    0.065332
      14      15    0.019129    0.015024
      15      18    0.062527    0.033452
      15      23    0.057467    0.055077
      16      17    0.039533    0.045502
      18      19    0.030005    0.023386
      19      20   -0.065084   -0.010797
      21      22   -0.013953   -0.011413
      22      24    0.064525    0.035338
      23      24    0.024852    0.037831
      24      25    0.001483    0.004640
      25      26    0.035477    0.023718
      25      27   -0.034001   -0.019084
      27      28   -0.167198   -0.053103
      27      29    0.061990    0.016861

节点编号原始不变